header:
  seq: 999
  stamp:
    secs: 1435607489
    nsecs: 924811809
  frame_id: gps
status:
  status: 0
  service: 1
latitude: 22.922190
longitude: 120.288429
altitude: 0
position_covariance: [0.0027984101488256474, 0.0, 0.0, 0.0, 0.0022184100078606606, 0.0, 0.0, 0.0, 0.007361639920220375]
position_covariance_type: 2
